#float for namd version used
namd_version = 2.12
#int for how many data lines in sim1.alch
iterations = 2001
#comma separated list of floats for lambda schedule
vdw_a = 0,0.05,0.1,0.2,0.3,0.4,0.5,0.6,0.7,0.8,0.9,0.95,1
ele_a = 0,0,0,0,0,0,0.0909091,0.272727,0.454545,0.636364,0.818182,0.909091,1
vdw_d = 1,0.95,0.9,0.8,0.7,0.6,0.5,0.4,0.3,0.2,0.1,0.05,0
ele_d = 1,0.909091,0.818182,0.636364,0.454545,0.272727,0.0909091,0,0,0,0,0,0
