fep_combine_reps = False
methods = TI, FEP
vdw_a = 0,0.16666667,0.33333333,0.5,0.66666667,0.83333333,1,1,1,1,1,1,1
ele_a = 0,0,0,0,0,0,0,0.16666667,0.33333333,0.5,0.66666667,0.83333333,1
vdw_d = 1,1,1,1,1,1,1,0.83333333,0.66666667,0.5,0.33333333,0.16666667,0
ele_d = 1,0.83333333,0.66666667,0.5,0.33333333,0.16666667,0,0,0,0,0,0,0
